8033
2256
2276
2308
2328
2350
2380
2434
2488
2510
2527
2551
2566
2669
2683
2732
2826
2840
2882
2991
3023
3133
3149
85
116
133
147
184
236
303
314
349
366
464
483
515
613
640
672
762
897
912
997
3353
3695
3711
5437
5473
5492
5512
5554
5608
5664
5686
5719
5738
5827
5844
5866
5904
5986
6005
6053
6143
6177
6295
1266
1299
1319
1337
1372
1471
1508
1528
1542
1632
1652
1689
1703
1783
1845
1867
1935
1976
2097
2115
6490
6522
6542
6558
6595
6656
6713
6733
6773
6794
6863
6881
6901
6939
7038
7096
7195
7329
7350
